-2.1539 -0.2103 1.6674 0.4690 0.9755 -2.9343 1
-1.8905 1.0685 -1.9168 0.9010 -2.2820 2.7919 -1
-1.3220 1.7971 0.5596 2.7259 1.7738 0.9715 -1
-1.7409 1.0414 0.7627 -0.4719 1.0601 -2.2904 -1
-1.5417 1.6167 -0.5646 4.7813 3.6386 2.7471 -1
1.0696 2.1057 2.2092 1.1999 1.8848 -0.3119 -1
-0.4998 1.4692 1.6726 0.8841 0.0249 -0.4699 -1
-1.4405 -1.6538 2.2206 0.1991 -3.1856 -1.8311 1
-0.1253 -0.2489 1.9386 -0.8873 0.9890 -3.1499 1
0.0763 1.3786 -0.2183 0.9795 -0.0503 1.6572 -1
-0.3939 1.3878 0.5378 2.5447 3.0447 0.6645 -1
-1.7259 0.1140 1.1377 -1.2510 2.5637 -4.3566 1
2.9381 -2.2915 -2.1269 3.3771 -1.0886 6.4050 1
-1.4924 1.0928 0.6500 1.1482 0.9160 -0.4954 -1
-0.8931 1.6589 1.0223 -1.9895 -0.3368 -2.4776 1
-1.7567 1.1511 0.9269 -1.7447 -1.0537 -2.5673 1
0.4611 2.6646 2.3296 1.5295 1.5429 -0.1356 -1
-0.5674 1.0986 1.0997 1.1857 0.3368 -0.0145 -1
2.9102 -1.6263 -0.8557 2.0892 0.0842 3.8048 1
-0.6413 0.3763 -0.3246 -0.0200 -0.3308 0.1647 -1
-1.7471 0.6842 0.5568 1.1658 1.2056 -0.8417 -1
-2.1984 0.1486 0.4098 -2.4555 -0.8747 -3.4768 1
5.4420 -2.4992 -1.9056 1.6039 0.8311 5.2086 1
-0.4279 0.5174 1.4184 0.6695 1.1158 -1.2520 -1
-0.8559 -2.0521 2.3372 0.7176 -3.6686 -1.0293 1
-2.8439 -0.3352 0.8695 -1.8965 -0.9561 -3.9283 1
-0.5050 0.3608 0.1645 -0.9279 -0.3838 -0.9814 -1
0.8355 1.9904 1.7923 1.8003 2.5827 0.0852 -1
-0.8560 0.9298 -0.3029 1.7288 -0.4738 1.8538 -1
-2.1667 1.1366 -2.0233 1.2393 -2.5824 3.1829 -1
-1.8098 0.1332 0.0478 0.8766 1.5668 -1.0603 -1
-0.7281 0.4819 -0.1151 1.7215 0.1923 1.2842 -1
0.6038 -1.6128 -1.0601 3.1410 0.5280 3.2930 1
3.1843 -0.9973 0.0920 0.7518 1.2274 1.6360 1
-1.6105 0.1192 1.6502 -0.8761 -0.6922 -2.8916 1
0.3346 1.2211 1.6161 0.3198 1.3752 -1.1252 -1
0.7586 -0.7942 5.0661 -0.0450 0.7696 -4.7257 1
-0.7490 4.0472 -0.2957 -2.1155 -2.0177 0.3399 1
-0.1880 -0.4698 0.6229 1.9076 1.2062 0.3068 1
-0.7999 0.8591 -1.1867 1.7852 -0.4187 2.6734 -1
-1.5976 1.2544 0.7866 0.4003 0.6342 -1.1627 -1
-1.2191 2.3722 1.5257 5.0621 -1.1745 3.8552 -1
1.2766 -1.2012 0.0306 1.6522 0.3807 1.6273 1
-0.7569 2.2641 0.1900 2.4508 -1.4876 3.0921 -1
1.7005 -1.4028 1.3421 -0.3818 0.4117 -1.1901 1
-2.8665 -1.5360 -1.8425 -0.4521 -1.3591 -0.4940 -1
-0.3093 2.1093 0.5437 -1.8474 -4.0876 0.3470 1
-0.6959 -0.2159 0.4582 0.5275 0.5149 -0.6867 -1
-2.2345 0.3520 0.4261 0.4575 0.5425 -1.4809 -1
-1.6121 0.7579 2.0477 -2.1274 -2.0930 -3.4817 -1
-1.2139 0.9282 -2.0297 1.1333 -1.2240 2.9793 -1
-0.4083 -0.2731 1.2754 1.1971 0.8466 -0.8084 1
-0.0126 1.5859 0.9804 2.0548 3.0099 0.1586 -1
-1.0321 -0.2361 -0.0865 -1.2759 -0.5441 -1.5467 -1
-3.1692 -2.6900 -1.0839 0.1084 -0.3798 -1.7380 -1
-1.4172 1.4740 0.1515 3.2567 -1.0802 2.9553 -1
0.3845 0.8727 1.7999 0.9690 1.2580 -0.7501 -1
-0.6630 1.0829 1.5433 -0.4856 -2.1246 -0.8326 1
0.3325 1.8598 -0.1939 0.6568 -0.4568 1.8731 -1
-1.3427 0.8014 -4.0391 -0.8806 -1.9334 3.1602 -1
-1.4520 -0.1940 -2.3247 -0.4151 -0.8923 1.1319 -1
-1.3361 0.8944 0.8845 1.1830 1.1036 -0.7362 -1
1.8125 -2.5234 0.2108 2.7509 -0.1276 2.5308 1
-2.3964 -0.6049 0.3811 -1.5014 -0.9555 -2.9612 1
-1.2254 2.9420 0.0183 -2.5870 -4.2119 -0.0529 1
-1.4433 0.7534 -0.4308 3.0754 -0.4782 2.7466 -1
0.5351 3.9494 -1.1327 2.1310 -1.6933 5.5088 -1
1.7967 -1.3111 -0.1188 0.9552 0.8347 1.2070 1
0.6383 -0.6563 2.2265 0.1433 2.0642 -2.6557 1
0.0920 -0.9517 2.7975 -0.3088 1.5391 -3.7758 -1
0.3456 2.1905 2.4474 0.9528 0.7046 -0.6175 -1
0.8422 -1.0323 -0.0323 0.4395 2.0259 -0.3762 1
-0.8729 1.1274 -0.4552 2.9430 -0.1723 3.0022 -1
-1.5550 0.0086 3.0546 -0.2649 -0.2996 -3.7806 1
-0.4528 1.4359 -1.9495 -1.7957 -1.6393 1.1347 -1
-1.1286 2.4686 0.9217 3.3872 -1.7217 3.2351 -1
-1.1899 -0.0631 -0.2037 1.3660 -0.0422 0.6621 -1
-2.1056 0.1321 3.6205 -0.1223 0.8031 -4.9645 1
0.7420 -0.8611 1.7859 1.6171 1.9651 -0.9065 1
-0.1111 0.1086 1.5119 1.4280 0.8403 -0.4814 1
2.4337 -1.9093 0.2758 -0.2224 1.2651 -0.2264 1
-0.4164 1.1228 1.7947 -0.3407 0.8182 -2.1229 -1
-1.3557 1.5554 0.0643 1.6112 -1.8817 1.9964 -1
-1.5375 0.3957 0.3652 0.1678 -3.7334 0.7474 1
3.0442 -2.0834 -1.0223 3.1290 -0.8604 5.2377 1
-0.7626 1.0825 -0.9338 2.8943 -0.1259 3.4145 -1
-0.5886 2.7899 -0.4761 2.3246 -1.8615 4.0452 -1
-0.2541 0.4787 1.7400 -0.4404 0.4730 -2.1421 -1
4.6629 -2.3461 -0.4599 1.7384 0.5954 3.7246 1
-1.8659 2.8833 1.4932 -0.3368 0.2956 -1.8565 1
-0.5149 2.0340 4.1074 -3.3893 -3.3446 -4.7070 -1
-0.0360 2.3178 -0.3145 -0.0939 -1.4304 1.6992 -1
-2.5800 0.7289 0.5082 -0.3037 0.1652 -2.1371 -1
-0.8631 -1.4067 0.7506 0.2731 -0.0893 -1.4421 1
-0.8562 -0.1609 1.9200 1.7098 1.4469 -1.4372 1
-1.7800 1.9421 1.9389 -0.7286 1.8524 -3.6236 1
0.4061 0.7970 2.3874 -0.9156 0.5215 -2.6373 -1
0.7647 2.9655 1.1665 -0.2270 0.2751 0.2113 1
0.9274 -1.2040 0.8402 -0.9341 0.8731 -1.8610 1
-1.2526 0.2472 1.2357 -0.7943 0.0624 -2.5290 -1
-1.5362 -0.5766 -2.1606 -0.1340 -0.5570 0.8880 -1
-1.1694 0.0008 0.3815 0.9543 1.4724 -0.8939 -1
-1.1715 -0.3397 1.0029 0.4398 1.5869 -2.0894 1
-0.1429 2.3292 0.8580 -0.6320 0.2508 -0.6688 1
-2.0306 0.7082 -2.2441 1.0130 -2.0197 2.8405 -1
-1.3683 -0.5600 1.0716 2.2087 -0.4876 0.1950 1
-0.8456 1.6957 0.4739 -1.0135 -0.0588 -1.1995 1
-0.2320 1.1007 1.7056 0.3770 0.2522 -1.0302 -1
3.0881 -2.5042 0.4967 -0.0170 -0.2350 0.6437 1
-0.4467 2.1517 -0.8061 0.4486 -1.5620 2.3667 -1
-1.5950 0.5567 -1.3435 1.9150 -0.9891 2.5861 -1
-0.4176 1.1376 0.5480 3.0828 2.5050 1.2809 -1
0.5141 1.4629 2.0260 1.1248 1.2813 -0.5218 -1
-0.9787 0.6553 -0.7147 1.1993 -0.5232 1.5890 -1
2.0572 -1.6243 0.5300 0.1386 0.3932 0.1475 1
-2.0828 2.1139 0.2636 -1.4305 -1.5182 -1.3248 1
-0.8876 -0.3966 0.4491 -0.4117 -2.0495 -0.5187 1
0.0180 3.4723 1.5835 -1.1962 -3.4188 0.4077 1
0.0745 0.7622 0.8198 -0.3560 3.4542 -2.3209 1
-1.6386 0.5474 1.8729 -1.5210 -1.0405 -3.3650 -1
-1.6096 1.1848 1.2583 -1.5831 -1.4255 -2.4403 1
-1.1011 2.9644 2.0456 0.0792 -2.1921 -0.3137 1
-2.0238 -0.7664 -3.4370 -1.5773 -1.4959 0.7887 -1
-0.3746 1.5968 -1.2368 -2.3373 -3.4714 0.9734 1
-1.8135 -1.0394 -4.2698 -1.9111 -1.2463 1.1433 -1
-2.2427 1.4973 0.6987 1.1098 0.2788 -0.5943 -1
-0.1515 1.0681 0.7135 -0.6835 -1.1917 -0.3920 1
-0.8751 2.9613 1.2908 -1.2194 2.2136 -2.7123 1
-0.5134 0.7357 -0.5342 0.2972 -0.3036 0.8367 -1
0.8054 0.4048 0.1149 -0.3387 0.5264 0.0019 1
0.0857 -0.2504 0.3180 -0.5136 -0.4016 -0.5973 1
-0.2531 2.0464 -2.2782 0.9229 -1.3868 4.1018 -1
1.0369 -0.8331 -0.0870 1.3481 2.0554 0.6698 1
-1.2200 2.0536 -1.5010 1.1877 -2.3048 3.4744 -1
0.2237 0.6997 1.0223 1.4373 1.7216 -0.0178 -1
-2.0171 0.4299 -3.4732 -0.4335 -2.3077 2.6736 -1
-0.9854 0.2179 1.9957 -0.6429 1.6146 -3.6335 1
-2.0149 2.0427 0.2959 -1.8461 1.7151 -3.2107 1
0.8552 -1.2349 1.9744 1.2999 -0.0037 -0.5142 1
-1.0401 0.4915 -0.9880 1.3671 -0.3519 1.8040 -1
-2.3531 0.1256 -0.8341 3.4719 2.5107 1.2742 -1
-0.4055 1.8414 -1.4424 0.1860 -1.4303 2.5460 -1
-2.1442 -0.4518 2.0035 3.3423 0.4587 -0.4983 1
-0.8994 1.0074 1.4401 0.4784 0.4581 -1.2492 -1
1.1232 1.5665 2.7574 -0.2008 0.6297 -1.6418 -1
-0.0585 -0.3703 1.3374 0.6587 0.9555 -1.2156 1
1.5254 -1.5132 -0.9699 1.1723 -0.5882 2.5747 1
-1.1705 1.3976 -2.4529 -0.2618 -2.1183 2.7200 -1
-0.3278 1.8839 -0.0904 -2.1496 -2.3735 -0.2509 1
-0.5164 1.2328 3.0773 -2.7633 -2.2494 -4.0362 -1
-0.7541 1.5651 -2.3435 0.3603 -1.6181 3.2709 -1
-0.9513 2.6263 -0.6114 1.8649 -2.2509 3.6466 -1
-1.0684 2.5267 0.7700 -1.0025 -3.7292 0.4202 1
-2.8780 -0.9611 -1.4156 0.2664 -1.5816 0.0812 -1
-0.6951 2.3602 0.6806 -1.7649 -5.8142 0.9532 1
0.2265 1.5103 0.4779 -0.9837 0.8061 -0.9787 1
2.6717 -1.6084 -1.2072 2.6888 1.3393 3.9313 1
0.2447 1.6359 1.9349 0.8520 0.2931 -0.3305 -1
-0.6991 -1.5562 1.4365 0.4489 -1.1240 -1.3679 1
-1.6239 1.0078 -0.7441 -1.3047 -0.1660 -1.0688 1
-0.2178 3.2235 0.2034 -2.1457 -1.0927 -0.5358 1
-1.5632 1.0686 1.1842 -1.4513 3.2389 -4.4344 1
-1.7379 -0.7269 0.0503 -0.2160 -4.1877 0.3509 1
-0.4873 1.0803 0.4852 2.7445 0.2461 2.0163 -1
-0.5610 1.5801 1.4023 -1.1875 -1.2457 -1.4964 1
-0.8620 -0.0537 4.7264 -0.2945 2.9142 -6.3762 1
1.6870 -1.2512 -0.5013 2.1302 -0.5168 3.1827 1
-1.1114 1.6488 1.2198 4.6194 -0.4330 3.1838 -1
-2.3970 -1.2384 -1.0466 1.4860 -0.3262 0.4618 -1
4.4906 -2.0521 -0.5279 1.3063 0.9163 3.2505 1
0.4326 -1.3207 2.1924 2.0274 0.3270 -0.5036 1
-1.9673 0.7994 0.1357 1.9452 1.3374 0.0769 -1
1.5476 -1.8374 0.5741 0.3591 0.6326 -0.2015 1
2.9313 -1.6806 1.4403 0.7860 1.0758 0.1261 1
-1.3355 -0.3589 2.7718 0.7249 1.3302 -3.3969 1
-0.9003 0.4430 -1.1966 -0.5247 -0.8678 0.5998 -1
-0.5803 2.5926 -0.1324 -2.1055 -1.2085 -0.6080 1
0.5386 -0.5763 2.8014 -0.3820 2.2096 -3.7382 1
-1.0412 1.8455 0.3762 3.9696 3.3309 1.7215 -1
-0.7672 -1.0725 -0.3099 0.8307 1.0332 -0.3351 1
-1.2247 4.2128 2.5669 -1.6679 -1.8970 -2.0947 1
-0.7628 1.4064 1.4224 0.4489 0.9287 -1.2445 -1
-1.3621 0.1544 3.9566 -0.8915 1.6913 -5.8944 1
-0.9622 0.7435 -0.3659 3.6570 3.0714 1.8604 -1
2.9553 -1.4914 -1.4344 2.0293 -0.1141 4.4358 1
0.1978 0.9841 0.1654 0.6281 0.2557 0.7875 -1
0.5739 3.2588 2.3580 -0.6291 -4.4660 0.9806 1
-1.2213 -1.8307 0.4543 -0.0907 0.3578 -2.0935 1
-1.7695 0.7858 -0.0761 3.2848 -0.9867 2.6640 -1
1.6213 0.2908 0.9471 1.5178 2.8932 0.2962 1
4.2243 -2.3228 -0.8118 0.1233 0.8120 2.2229 1
0.8261 1.4857 0.1447 -0.7182 -2.4556 1.4334 1
-0.5734 -0.6085 1.1543 0.5263 0.2003 -1.2307 1
1.7739 -1.5824 -1.2658 2.3802 -0.8625 4.1783 1
-0.2707 2.1936 1.3357 3.9664 -0.1865 3.1066 -1
-1.7843 0.0117 -1.4433 0.2362 -1.1035 0.9003 -1
0.4145 2.0232 0.9125 2.8576 3.7473 1.0263 -1
0.4314 1.4804 0.4245 3.1123 1.0795 2.7349 -1
2.3074 -1.8738 0.2595 2.6095 -1.2424 3.4278 1
-0.1779 2.0815 2.2896 0.8555 0.6306 -0.8969 -1
